   1   2   3   4   5   6   9  10  11  12  13  14  15  16  18  24  25  26  27  29
  30  31  36  37  40  42  43  44  45  46  47  48  50  51  52  53  54  55  56  57
  59  60  64  65  66  67  71  72  73  74  75  76  77  78  81  83  84  85  86  88
  93  94  96  98  99 102 103 104 105 106 107 108 110 117 125 126 127 128 134 143
 144 145 146 147                                                                
   2   4   8  31                                                                
   1   3   5  31                                                                
   4 117   1   2  10  11  12  13  14  15  16  17  18  26  27  28  29  30  31 107
  37  48  38  49  47 116  39  80  84 142 143  71                                
 120                                                                            
                                                                                
   1   0   0   0   0   1   0   0   0   0   1   0   0   0   0   1   0   0   0   0
   0   0   0   1   0   0   0   0   0   0   0   0   0   0   0   0   0   0   0   0
   0   0   0   0   0   0   0   0   0   0                                        
