      GNAM                 PTHP      PTHD      PTHU  GZLMt/ha      GZIN GZWIkg/hd GZWMkg/hd PMLKkg/hd      ANTQ IGZD IMPL ICVB ICVF ICWD
    1 CALVES               0.15       0.4      0.95      1.11     0.026       130       454         0         0    2    0    0    0   50
    2 HEAD_CATTLE          0.15       0.4      0.95      0.46     0.026       454       454         9         0    4    0   60   90  315
    3 COW_CALF             0.15       0.4      0.95      0.63     0.026       454       454         9         0    4    0   60   90  315
    4 STOCKER              0.15       0.4      0.95       2.4    0.0075       227       408         0         0    7    0   60   90  240
    5 BULLS                0.15       0.4      0.95      1.24      0.02       500      1000         0         0    4    0   60   90   99
    6 YEARLINGS            0.15       0.4      0.95      1.07     0.026       130       354         0         0    3    1    0    0   50
    7 BW_FACE_HEIFERS      0.15       0.4      0.95      5.31      0.03       272       635      27.3         0    7    0   82  365  180
    8 CALVES               0.15       0.4      0.95      1.07     0.026       130       454         0         0    2    0    0    0   50
    4 STOCKER              0.15       0.4      0.95      0.52    0.0075       227       408         0         0    7    0   60   90  240
